SHEET_URL <- "this does not exist yet sorry, but this would be a link to a public google sheet"
AC_BINS <- list(
  "vs_ac_35_40" = 35:40,
  "vs_ac_40_45" = 40:45, 
  "vs_ac_45_50" = 45:50,
  "vs_ac_50_55" = 50:55,
  "vs_ac_55_60" = 55:60,
  "vs_ac_60_65" = 60:65,
  "vs_ac_65_70" = 65:70)
