SHEET_URL <- "https://docs.google.com/spreadsheets/d/1ze07poTui2eu_paYYQM_VwzZ8jbA1hX5kFAdwaaw7Ek/edit?gid=0#gid=0"
AC_BINS <- list(
  "AC 35-40" = 35:40,
  "AC 40-45" = 40:45, 
  "AC 45-50" = 45:50,
  "AC 50-55" = 50:55,
  "AC 55-60" = 55:60,
  "AC 60-65" = 60:65,
  "AC 65-70" = 65:70)